0
1
2
3
4
5
6
7
8
9
10
11
12
13
14
15
16
17
18
19
20
21
22
23
24
25
26
27
28
29
30
31
32
33
34
35
36
37
38
39
40
41
42
43
44
45
46
47
48
49
50
51
52
53
54
55
56
57
58
59
60
61
62
63
64
65
66
67
68
69
70
71
72
73
74
75
76
77
78
79
80
81
82
83
84
85
86
87
88
89
90
91
92
93
94
95
96
97
98
99
[0.650564432144165, 0.6602792739868164, 0.6760544776916504, 0.7837989330291748, 0.6918784379959106, 0.663905143737793, 0.6109598278999329, 0.5816993713378906, 0.6388499736785889, 0.5763437151908875, 0.5971489548683167, 0.6028006076812744, 0.5299495458602905, 0.5133410692214966, 0.5498723983764648, 0.4392508864402771, 0.47857075929641724, 0.5636987090110779, 0.4695957601070404, 0.43249645829200745, 0.43281081318855286, 0.4492231011390686, 0.5226625204086304, 0.3965778946876526, 0.4572021961212158, 0.43246451020240784, 0.4122367203235626, 0.42569416761398315, 0.3649542033672333, 0.37420445680618286, 0.31888842582702637, 0.379493772983551, 0.2803756594657898, 0.33731579780578613, 0.28603729605674744, 0.32829147577285767, 0.3665469288825989, 0.35490986704826355, 0.3038458824157715, 0.3688303530216217, 0.3088127374649048, 0.2829325199127197, 0.29037463665008545, 0.30409908294677734, 0.3244999051094055, 0.3415333926677704, 0.2011895775794983, 0.3397122025489807, 0.2759052515029907, 0.3247328996658325, 0.2593867778778076, 0.22249987721443176, 0.24194088578224182, 0.2187022864818573, 0.2723146677017212, 0.24151499569416046, 0.2560928761959076, 0.24707317352294922, 0.2725728154182434, 0.21537213027477264, 0.18408696353435516, 0.24476158618927002, 0.21076855063438416, 0.19282926619052887, 0.2003573775291443, 0.2294435203075409, 0.17767654359340668, 0.17000173032283783, 0.1874375343322754, 0.16162198781967163, 0.16778787970542908, 0.17743560671806335, 0.21072596311569214, 0.16339677572250366, 0.22007232904434204, 0.19739702343940735, 0.17457315325737, 0.1632467359304428, 0.17702235281467438, 0.15673881769180298, 0.15316912531852722, 0.15292660892009735, 0.1475580483675003, 0.15323564410209656, 0.14488369226455688, 0.13587751984596252, 0.17715752124786377, 0.14150816202163696, 0.13859593868255615, 0.14689205586910248, 0.11888766288757324, 0.12514087557792664, 0.11761011183261871, 0.14718592166900635, 0.1303820013999939, 0.17871853709220886, 0.1548534631729126, 0.1666766107082367, 0.12805882096290588, 0.1280137598514557]
[0.554694652557373, 0.5464229583740234, 0.5535306930541992, 0.5093930959701538, 0.6224415302276611, 0.8729612827301025, 0.5376878976821899, 0.5865064263343811, 0.46421879529953003, 0.5414790511131287, 0.3954479694366455, 0.416695237159729, 0.3064771890640259, 0.33621513843536377, 0.43636828660964966, 0.2970324754714966, 0.3730514347553253, 0.20929557085037231, 0.2642514109611511, 0.3264574408531189, 0.30811575055122375, 0.40244060754776, 0.2643704414367676, 0.284032940864563, 0.23157590627670288, 0.36916154623031616, 0.2660949230194092, 0.32079651951789856, 0.21993078291416168, 0.18717262148857117, 0.24181467294692993, 0.16506460309028625, 0.2719155550003052, 0.2681722939014435, 0.31378331780433655, 0.21092620491981506, 0.15634918212890625, 0.22574828565120697, 0.20066720247268677, 0.1458500325679779, 0.12674207985401154, 0.16730189323425293, 0.2683503031730652, 0.15642020106315613, 0.15093618631362915, 0.25621116161346436, 0.2418728768825531, 0.2240804135799408, 0.13678181171417236, 0.13064667582511902, 0.1685657799243927, 0.21648049354553223, 0.13918206095695496, 0.19672474265098572, 0.16111458837985992, 0.20744961500167847, 0.16946347057819366, 0.1155647337436676, 0.1978129744529724, 0.1676453948020935, 0.13976071774959564, 0.1309274435043335, 0.19198833405971527, 0.233692467212677, 0.201381653547287, 0.13513335585594177, 0.15462976694107056, 0.08355922996997833, 0.1263975203037262, 0.12889806926250458, 0.1244349330663681, 0.0965442955493927, 0.10052375495433807, 0.085513174533844, 0.11305370181798935, 0.08321985602378845, 0.12172804772853851, 0.14342054724693298, 0.1058979406952858, 0.1244812086224556, 0.1349809169769287, 0.15358276665210724, 0.10558567196130753, 0.0979074239730835, 0.09823146462440491, 0.09329257160425186, 0.07304662466049194, 0.10497260093688965, 0.08607560396194458, 0.10003836452960968, 0.11590679734945297, 0.1257753074169159, 0.12784598767757416, 0.08790171146392822, 0.0758843794465065, 0.04171258583664894, 0.07411535084247589, 0.11247307062149048, 0.0929647833108902, 0.06748832762241364]
[1.205259084701538, 1.2067022323608398, 1.2295851707458496, 1.2931920289993286, 1.3143199682235718, 1.5368664264678955, 1.1486477851867676, 1.168205738067627, 1.1030688285827637, 1.1178227663040161, 0.9925969243049622, 1.0194958448410034, 0.8364267349243164, 0.8495562076568604, 0.9862406849861145, 0.7362833619117737, 0.8516222238540649, 0.7729942798614502, 0.7338471412658691, 0.7589539289474487, 0.7409265637397766, 0.8516637086868286, 0.787032961845398, 0.6806108355522156, 0.6887781023979187, 0.8016260862350464, 0.6783316135406494, 0.7464907169342041, 0.5848850011825562, 0.5613770484924316, 0.5607030987739563, 0.5445584058761597, 0.552291214466095, 0.6054880619049072, 0.599820613861084, 0.5392177104949951, 0.5228961110115051, 0.5806581377983093, 0.5045130848884583, 0.5146803855895996, 0.4355548024177551, 0.45023441314697266, 0.5587249398231506, 0.46051928400993347, 0.47543609142303467, 0.5977445840835571, 0.4430624544620514, 0.5637925863265991, 0.4126870632171631, 0.45537957549095154, 0.4279525578022003, 0.438980370759964, 0.3811229467391968, 0.415427029132843, 0.4334292411804199, 0.44896459579467773, 0.42555636167526245, 0.3626379072666168, 0.4703857898712158, 0.38301753997802734, 0.3238476812839508, 0.3756890296936035, 0.40275686979293823, 0.4265217185020447, 0.4017390310764313, 0.36457687616348267, 0.3323063254356384, 0.25356096029281616, 0.3138350546360016, 0.2905200719833374, 0.292222797870636, 0.27397990226745605, 0.3112497329711914, 0.24890995025634766, 0.333126038312912, 0.2806168794631958, 0.2963011860847473, 0.3066672682762146, 0.28292030096054077, 0.281220018863678, 0.28815004229545593, 0.3065093755722046, 0.2531437277793884, 0.25114306807518005, 0.2431151568889618, 0.2291700839996338, 0.2502041459083557, 0.2464807629585266, 0.22467154264450073, 0.24693042039871216, 0.2347944676876068, 0.25091618299484253, 0.24545609951019287, 0.23508763313293457, 0.2062663733959198, 0.2204311192035675, 0.2289688140153885, 0.2791496813297272, 0.22102360427379608, 0.19550208747386932]
